 f1 f2 f3 f4 f5 f6 f7 SubcutfatScore
1 96.4643 43.9505 117.942 43.0455 149.834 41.698 0.0608965 2
2 150.697 48.2125 174.759 53.1554 197.146 49.5049 0.142825 3.5
3 146.491 26.1596 163.319 25.6357 190.404 22.2751 0.0619995 3
4 145.446 26.2748 167.054 28.0673 191 23.7703 0.234488 4.5
5 57.023 51.621 68.5984 52.8304 103.346 51.7328 0.0443013 2.5
6 120.209 26.8317 140.066 26.7851 170.226 24.2062 0.104028 2.5
7 32.7829 47.4469 39.7328 49.4651 72.8823 46.82 0.103393 2.5
8 156.256 32.2674 179.507 33.6019 204.857 28.8811 0.0896732 3
9 113.893 29.1906 134.21 31.4438 168.988 23.9536 0.103237 2.5
10 119.638 43.8739 138.885 49.1405 174.736 40.9153 0.239978 1
11 47.8344 41.2046 58.2063 43.2049 97.6807 40.7527 0.0837048 2
12 119.254 38.496 138.612 41.1651 168.933 34.9671 0.0475359 3
13 101.248 26.8643 133.719 27.7684 170.85 22.7686 0.082187 2
14 118.841 40.4825 136.416 44.2128 164.042 40.0694 0.12577 2.5
15 166.106 16.4984 195.458 16.7506 218.511 12.6301 0.515203 5
16 160.036 21.5409 184.464 19.4456 211.475 12.7412 0.356037 2.5
17 152.297 35.593 172.114 36.0334 195.421 32.4871 0.0646246 3.5
18 164.405 16.8899 188.666 17.8013 216.266 14.3957 0.351575 4.5
19 22.5049 28.8802 30.3656 29.9672 70.1028 27.7611 0.148453 2
20 142.174 28.6487 161.71 24.4388 187.065 15.4819 0.132907 3.5
21 127.555 31.1793 148.732 27.694 189.335 24.0652 0.0279883 2.5
22 157.579 24.7467 180.288 20.2064 206.571 16.3158 0.088811 3
23 150.07 33.0377 167.156 31.6627 199.546 16.0828 0.293842 4
24 163.198 18.7837 184.524 15.2229 211.154 14.7062 0.157338 4
25 144.48 29.078 167.655 29.7809 193.018 24.8695 0.0444784 3
26 38.1559 35.2085 57.6309 39.903 100.691 40.5199 0.156779 2
27 96.5473 33.3545 117.117 33.62 157.336 31.4051 0.0943667 2
28 58.1311 47.0384 69.0132 48.7946 106.302 49.692 0.0682445 2.5
29 117.277 17.9702 150.335 14.9472 201.192 11.8956 0.0105417 3
30 164.312 16.8195 186.679 12.4838 210.238 10.091 0.184249 5
31 137.109 25.2695 156.733 26.5542 182.313 24.8319 0.221603 4
32 137.71 32.349 153.18 29.8543 181.88 26.2574 0.0251363 2.5
33 145.97 24.8003 165.071 26.548 192.563 23.6652 0.198942 4
34 141.392 26.5825 163.217 25.8282 188.276 21.4083 0.439267 2
35 100.931 34.7831 117.71 33.3911 154.136 32.899 0.0719217 1
36 105.491 28.8161 135.368 31.2716 174.36 31.3378 0.0780121 2.5
37 147.288 25.292 161.307 25.5999 186.44 21.899 0.16216 1.5
38 153.301 24.6151 167.921 21.4727 191.453 17.3132 0.0467787 2.5
39 131.79 37.3791 150.549 40.9012 172.709 37.9449 0.104895 3
40 37.6521 35.5799 46.1676 34.8769 84.1047 33.188 0.0339299 1
41 166.016 14.9902 187.741 15.7435 214.16 12.8578 0.510851 5
42 56.1809 27.0037 75.4986 29.7076 124.353 30.1888 0.098162 2.5
43 162.935 20.6457 187.707 19.5306 209.122 16.5423 0.0695485 3
44 88.8526 58.0913 99.3008 63.6557 131.327 59.4889 0.110238 3
45 51.9468 38.4367 67.6024 40.4894 107.354 38.4664 0.119916 2
46 165.407 24.2204 187.358 23.661 210.967 20.0813 0.0912378 3
47 68.6284 37.9716 91.9339 40.4447 126.163 39.7294 0.152091 2
48 59.998 35.1302 81.0712 38.757 119.908 40.9133 0.0616922 1.5
49 141.938 35.0507 162.292 37.4565 186.048 34.7453 0.0671795 3
50 63.1466 34.3687 88.8555 44.0597 124.279 44.2008 0.0280422 2
51 99.4244 42.1298 118.334 40.7851 150.444 37.7998 0.0947242 2
52 67.4998 57.0838 77.2464 62.1106 115.631 60.3616 0.0444421 2.5
53 100.199 29.3756 122.055 28.4789 161.927 27.1359 0.0787774 2
54 125.666 33.2253 140.7 36.6801 171.247 34.7153 0.135563 3
55 151.606 23.4085 167.405 24.0963 195.692 20.163 0.0909939 2
56 41.3722 44.2563 55.7728 49.7073 95.9039 47.1819 0.0857221 2.5
57 86.0222 47.506 107.263 53.9454 146.723 51.9481 0.0522967 3
58 149.302 19.5274 174.146 16.3654 205.907 12.3758 0.515714 5
59 144.449 22.6769 168.901 15.9247 194.276 11.1181 0.0308914 3
60 138.558 26.1675 154.724 26.8551 182.836 21.3287 0.214081 3
61 68.8264 34.8809 94.2212 36.6649 126.19 38.1573 0.123384 2
62 49.0386 42.5814 61.4445 45.7057 98.7812 41.7344 0.114281 2.5
63 109.27 38.0447 129.066 37.7815 157.981 34.1355 0.101012 2.5
64 58.0269 40.7507 78.7285 42.6882 116.316 42.4516 0.0937556 2.5
65 156.157 30.3958 173.83 30.5071 196.916 27.1153 0.0160388 2.5
66 119.403 33.8355 135.127 39.177 164.452 35.1369 0.0698857 1.5
67 67.6403 38.6629 86.7584 40.4671 123.26 43.2383 0.0581337 1
68 86.6402 41.8863 102.309 43.6891 131.42 45.5941 0.052532 2.5
69 141.363 23.2931 158.748 25.7553 186.018 22.6056 0.217074 3.5
70 153.426 18.0725 177.049 17.8811 206.704 13.9156 0.234525 3.5
71 153.322 30.4971 176.243 33.2817 204.078 30.9331 0.339869 4.5
72 126.137 27.9481 142.038 26.8613 175.58 22.533 0.0778703 2
73 154.462 47.1197 177.125 51.8427 200.29 49.2773 0.154255 4
74 112.387 44.3147 135.214 47.4343 171.389 44.8001 0.0706317 3
75 93.8391 28.6513 113.918 28.5302 154.89 27.6161 0.0634717 1.5
76 106.975 38.0249 128.937 32.7857 158.932 29.3163 0.0663916 2
77 104.118 42.8909 119.297 48.0929 149.254 44.9041 0.0642425 1
78 142.161 26.235 162.665 25.8758 189.724 22.9156 0.0661462 3
79 152.967 20.7511 171.023 22.0645 194.947 17.5964 0.0906606 2.5
80 69.5314 60.7757 79.944 65.773 115.726 64.4235 0.079309 2
81 130.117 36.0528 147.069 36.0663 175.388 32.0223 0.0663351 1
82 154.453 32.2421 178.188 33.3712 204.778 28.8456 0.0793192 3.5
83 165.628 14.5624 187.338 15.363 211.608 10.9085 0.392828 4
84 51.895 31.7054 72.5353 33.4629 112.781 32.5217 0.136156 2
85 143.267 30.1445 165.937 27.7736 188.891 24.1338 0.0629448 3
86 114.88 46.4066 124.732 49.6006 155.073 46.4113 0.20932 1
87 114.479 56.2665 130.216 64.0406 156.787 59.0171 0.116399 3.5
88 79.526 46.1411 96.5173 48.6751 129.983 47.4735 0.0665375 2.5
89 136.958 24.2776 160.672 25.2841 194.456 21.8368 0.268253 2
91 64.7539 42.0105 74.5606 42.1584 110.57 40.0928 0.0844458 2
92 74.3555 34.0726 96.1195 33.1233 142.721 31.1916 0.036445 2.5
93 74.3555 34.0726 96.1195 33.1233 142.721 31.1916 0.036445 2.5
94 74.3555 34.0726 96.1195 33.1233 142.721 31.1916 0.036445 2.5
95 74.3555 34.0726 96.1195 33.1233 142.721 31.1916 0.036445 2.5
96 74.3555 34.0726 96.1195 33.1233 142.721 31.1916 0.036445 2.5
97 74.3555 34.0726 96.1195 33.1233 142.721 31.1916 0.036445 2.5
98 74.3555 34.0726 96.1195 33.1233 142.721 31.1916 0.036445 2.5
99 74.3555 34.0726 96.1195 33.1233 142.721 31.1916 0.036445 2.5
100 74.3555 34.0726 96.1195 33.1233 142.721 31.1916 0.036445 2
101 126.069 37.5528 141.212 40.6376 168.403 33.9984 0.0825448 2
102 47.9983 38.1725 65.5395 40.0569 106.062 41.3153 0.197988 2.5
103 64.9802 35.9139 85.1962 34.2015 124.614 31.833 0.112511 2
104 38.226 37.9058 45.3361 38.3507 82.7345 35.2467 0.0677088 2.5
105 89.0985 38.5862 109.504 39.0775 141.138 38.7207 0.0625131 3
106 152.57 24.4054 172.491 27.2444 194.099 22.7678 0.0893261 3.5
107 146.591 32.2602 165.469 33.8773 191.802 30.9633 0.00877776 2.5
108 151.136 41.5618 175.767 45.9217 201.834 43.0823 0.181106 3.5
109 145.508 28.847 170.507 31.2124 201.02 28.2764 0.252045 3
110 53.1864 33.5482 74.6315 38.3846 117.254 38.1152 0.242171 2.5
111 45.9532 30.29 67.6775 34.1147 107.331 34.4016 0.192624 2.5
112 105.058 31.6781 121.388 27.3268 151.933 24.4522 0.0446239 2
113 119.161 40.8663 148.218 43.5655 176.768 39.295 0.0628112 4
114 75.2245 47.6024 89.1406 53.4305 120.642 50.1583 0.102036 2
115 159.654 18.7002 185.648 18.7841 213.742 13.2749 0.503181 3
116 109.254 51.871 128.322 57.8418 160.263 54.7361 0.073205 4
117 59.3989 53.2663 67.6446 57.5598 101.29 55.7368 0.168811 3.5
118 106.465 50.0846 117.95 49.4383 151.159 44.7354 0.0335526 1
119 163.004 25.3964 184.621 25.6879 211.319 22.067 0.0900539 3
120 147.787 28.1556 165.554 31.1208 191.24 26.4885 0.221781 4
121 142.128 20.4505 171.071 17.144 199.951 13.5372 0.180752 4
122 129.785 30.4675 144.125 31.7533 170.949 30.1169 0.140541 2
123 163.864 21.207 182.768 19.5142 203.46 18.529 0.22685 4.5
124 41.4239 42.6676 49.109 44.4671 84.8991 39.7502 0.213119 3
125 30.12 29.1106 44.2512 29.6094 86.401 29.7917 0.160096 2
126 155.359 38.7887 177.022 41.126 203.104 38.4341 0.0992481 3.5
127 146.996 22.5322 171.701 22.5028 196.154 20.2403 0.0360254 2.5
128 30.5936 41.679 37.1551 43.0823 74.7291 38.8514 0.145484 1.5
129 134.267 34.1629 154.376 37.2917 181.814 34.4782 0.0304599 3
130 149.734 20.7244 171.316 19.4836 196.024 17.765 0.0792052 2.5
131 55.6692 34.5215 75.5892 40.208 114.081 42.2736 0.0478218 1.5
132 161.118 22.1611 180.226 21.4087 203.787 16.8031 0.051743 3
133 127.506 36.7093 144.444 40.0306 173.972 36.4117 0.298093 3.5
134 157.505 20.9452 184.124 18.5371 213.419 11.0049 0.502412 3.5
135 94.5851 56.8547 116.642 66.1257 149.003 63.5084 0.215856 2
136 56.707 43.9202 78.1803 45.1713 116.381 44.6495 0.130663 2
137 91.443 31.9162 111.158 31.5333 155.029 29.0114 0.0618286 2
138 155.282 21.4731 175.586 18.5829 200.467 14.5613 0.16732 3
139 152.866 22.6705 175.681 20.1742 198.983 18.1224 0.151716 4
140 159.476 27.953 181.914 29.3633 206.562 25.443 0.067011 3
141 139.922 25.3588 160.188 25.7655 192.043 20.5491 0.0780536 4
142 127.159 29.0012 139.783 28.5987 171.146 25.4765 0.0534896 1.5
143 132.48 64.5673 154.846 72.3865 179.215 69.6674 0.167445 3.5
144 137.052 25.5429 153.432 26.6285 180.612 21.166 0.234558 3
145 166.093 10.252 185.546 8.46621 211.689 7.09923 0.0735833 3
146 146.633 27.3504 163.58 27.7922 187.903 23.7174 0.120743 2.5
147 133.039 33.7799 150.069 32.6601 179.767 27.5636 0.0421559 3
148 154.873 22.4417 179.134 22.042 207.232 18.3094 0.144967 4
149 129.634 24.2718 152.449 22.3958 192.397 19.177 0.0207963 2.5
150 157.081 27.4902 178.776 27.8673 205.421 22.5091 0.0949395 3.5
151 149.357 39.7844 168.016 42.426 191.327 39.3813 0.0440947 2.5
152 91.7883 35.1315 111.42 36.4928 149.451 34.3353 0.0791666 2
153 149.721 22.9496 169.151 22.5128 195.987 18.2432 0.103625 4
154 97.921 33.4995 115.455 33.2891 157.323 31.378 0.0817458 2
155 63.9165 58.8129 84.4363 60.2617 120.709 58.1721 0.0390634 2.5
156 40.7124 31.0829 58.5892 33.0262 101.088 33.7832 0.192336 2
157 116.808 45.0747 139.468 44.0086 178.922 38.7202 0.0283552 4
158 128.226 36.029 141.255 35.2183 169.598 30.4674 0.027822 3
159 160.843 20.3852 186.272 19.0751 209.966 14.389 0.0898502 3
160 157.971 21.6016 181.605 19.095 204.151 15.7816 0.134213 3.5
161 76.432 61.1281 85.6357 64.8937 120.785 62.8701 0.0695006 2
162 110.441 43.3371 137.276 42.1532 171.453 38.2553 0.129105 2
163 49.5963 23.8765 64.8995 26.695 120.36 26.2358 0.135772 3
164 162.28 23.6029 188.43 24.6945 214.023 21.587 0.575275 5
165 159.353 29.7065 181.335 34.2072 207.996 30.917 0.318937 5
166 33.583 30.8592 47.2253 32.1227 86.0103 32.6933 0.148839 2
167 87.8102 50.8046 104.915 51.4324 137.663 49.8451 0.0462723 2.5
168 42.7339 42.8181 52.5211 44.8835 86.4344 42.0371 0.166934 2.5
169 160.807 28.3947 182.657 28.7926 208.092 24.8053 0.0801634 3.5
170 158.255 26.1624 180.64 25.9519 208.177 22.8092 0.10122 3.5
171 99.1752 51.1873 118.028 52.6835 149.58 49.4094 0.0583886 2.5
172 78.4489 39.2817 107.692 46.3885 150.14 46.3486 0.0610519 2.5
173 129.462 34.0331 147.933 30.9569 171.198 28.3477 0.0347507 3.5
174 102.226 43.8094 121.728 42.5693 150.984 41.7992 0.031572 2.5
175 157.529 25.4249 180.242 21.7379 204.523 18.6787 0.268262 5
176 145.939 22.1297 166.464 22.6875 191.298 18.9802 0.339571 4
177 138.33 28.6335 159.306 31.0026 189.251 28.3986 0.287575 4
178 130.762 24.5526 147.319 25.5167 181.572 21.998 0.230454 2.5
179 58.8633 40.7651 77.9396 43.1584 115.744 46.6097 0.0696032 1.5
180 99.7118 30.3967 123.583 32.7414 159.9 28.2714 0.0591543 3.5
181 76.7865 40.2208 97.8955 43.6738 138.051 42.9584 0.0890977 2
182 56.8484 39.3527 81.7027 45.9103 116.947 45.2234 0.170761 2.5
183 108.52 46.0312 126.671 46.0671 155.976 45.0483 0.0452926 2.5
184 131.316 39.4276 154.947 45.0393 185.242 42.0291 0.194501 2.5
185 47.8551 33.6329 67.8967 36.1502 111.569 35.7589 0.0979253 1.5
186 136.859 29.497 158.875 29.1448 185.947 24.8634 0.0492443 3
187 131 38.8808 140.795 35.1113 163.734 26.9074 0.285749 2.5
188 138.712 35.0818 156.889 36.2162 186.763 31.9883 0.0612228 3
189 85.2388 77.7334 101.375 85.397 131.326 80.6022 0.110635 2.5
190 126.856 37.033 146.792 32.5158 177.531 29.6967 0.04259 2.5
191 133.886 32.5828 151.59 31.1 180.91 28.6046 0.094094 3
192 81.9073 65.0985 97.6557 72.0981 135.959 67.3394 0.0603529 3
193 49.5615 33.0424 71.9195 36.6 111.653 36.2844 0.265805 2
194 128.532 37.8712 148.941 38.6124 179.516 35.8947 0.0696219 3
195 139.253 62.9081 160.79 70.3651 184.927 67.0782 0.177668 4
196 139.253 62.9081 160.79 70.3651 184.927 67.0782 0.177668 4
197 37.7064 44.1424 50.3844 46.9485 85.5722 46.8431 0.0448207 2
198 139.571 31.2145 159.121 34.1727 187.18 31.2303 0.149486 3.5
199 100.245 42.2715 122.096 47.5856 158.514 43.2533 0.0720573 1.5
200 45.8041 35.6487 61.0469 37.6844 104.106 35.9221 0.0911797 2.5
201 148.438 17.3925 165.359 16.0351 191.253 11.9556 0.0716047 3
202 138.689 25.7355 156.332 27.0744 185.771 23.0402 0.0782204 3.5
203 90.4548 23.0309 118.734 25.7271 155.795 24.0193 0.0581567 1.5
204 46.5804 42.5641 54.5911 44.5671 92.4578 42.8557 0.104932 1
205 33.7308 32.8652 50.3608 35.9039 88.7802 35.9166 0.163519 2
206 72.98 39.9434 95.7261 44.5693 124.611 46.2466 0.102077 3
207 130.633 38.2975 156.113 41.3449 181.734 38.9356 0.0322644 2.5
208 141.772 28.568 160.265 29.7979 187.963 23.9031 0.0407733 2.5
209 128.22 69.6009 145.314 77.0349 170.134 76.066 0.102903 3
210 150.81 35.4631 174.705 37.7311 201.88 33.2592 0.0847179 3.5
211 87.6147 46.5807 102.096 51.1928 141.573 49.8341 0.018304 1.5
212 160.035 19.4518 183.252 18.5764 210.203 15.7895 0.119291 3.5
213 85.8911 31.3869 107.574 34.8839 160.854 32.2136 0.0699578 3
214 140.719 27.935 159.485 27.1304 189.537 22.4097 0.214252 1.5
215 134.812 23.5978 152.561 26.3312 182.279 23.5918 0.121473 3.5
216 165.685 20.5426 184.194 19.4251 203.982 17.5306 0.0567878 3
217 164.052 20.7329 184.334 17.8867 208.218 15.5043 0.169616 4
218 76.0529 38.3635 90.2594 39.3112 123.368 39.3564 0.0287224 3
219 137.1 30.7739 152.358 31.0345 178.2 20.264 0.12775 3
220 106.56 31.8274 124.17 30.531 158.469 26.8623 0.0515322 2.5
221 50.0037 44.3543 64.4859 44.439 102.5 44.0011 0.0684655 3
222 86.2593 30.9648 107.341 35.8098 147.785 33.6959 0.0545167 1.5
223 119.859 38.6268 133.409 39.1247 162.233 34.977 0.0315917 2
